DE 666 66 6646646. 671

Etymologicum M. 144, 22 p. 44 Etymologieum M. 418, 8 p. '18
144, 4 44. 66 664, 66 , 46
466, 6 66. 64 666, 10 · 48
144, 24 66 666, 46 64
464, 66 64 666, 14 66
466, 4 46 666, 46 46
464, 66 66 666, 6 66
466, 6 64 666, 46 44
666, 64 66 666, 66 66 sq.
242, 66 66 sq. 666, 66 66
666, 46 66 666, 66 66
666, 46 66 644, 66 66
666, 66 46 sq. 646, 46 66
666, 66 . 66 646, 66 66
646, 46 48 646, 64 66
646, 46 18 646, 66 66
646, 6 46 666, 46 46
664, 66 46 666, 66 64

« 666, 66 66 664, 4 66
66646 46 666, 6 64
466, 66 64 666, 66 66
444, 66 46 666, 46 66 sq.
411, 46 64 664, 44 66
464, 46 66 666, 66 66
466, 4 46 666, 64 66

’ 466, 44 66 666, 46 64
466, 66 66 844, 44 44
466, 6 66 664, 66 66
466, 66 66 666, 46 66
402, 88 44 Etymologieum Gudianum
666, 46 66 p. 24, 66 46
646, 46 46 66, 6 66
414, 48 66 64, 64 64
555, 15 46 66, 66 66
666, 66 46 466, 66 4
545, 54 66 466, 46 66
555, 35 66 666, 46 66
664, 48 44 288, 4. 14. 46 66
555, 55 88 644, 64 46
646, 46 66 666, 66 66
544, 55 80 284, 44 21
545, 35 66 288, 4 18
545, 45 18 284, 1 43
545, 55 66 666, 44 · 46
554, 5 66 666, 46 , 44
555, 1⁷ 48 666, 66 66

 

